8996.49	4816.41	18913.7	6998.67	
14103.3	7429.59	19239.2	12508.4	
22044.4	12672.8	19114.6	18863	
4571.21	10624.6	17416.8	8034.11	
815.367	6336.75	21202.1	2096.89	
3498.72	1329.1	17395.2	6214.23	
25499.1	13596.7	33048.7	12150.6	
37353.2	14216.4	34984.6	25054.7	
42473.1	27220.6	45368.6	33324.2	
20564.4	23251.9	50006.6	17584.7	
885.473	2968.12	17641.8	27526.2	
5664.68	17756.7	9713.37	37258.7	
12260.2	25039.4	7554.5	40989	
42397.4	53206.2	8579.51	73752.8	
42276.3	55426	11743	70543.7	
22227.6	19484.7	7485.15	14497.6	
23226.6	17977.6	4104.22	16520	
10105.7	10814.5	23974	5330.02	
2239.23	13130.7	31610.5	13312.9	
11213.1	1885.83	18383.4	8276.81	
1340.12	19602.9	5297.17	35864.2	
10362.9	13705	9409.05	13130.4	
16532.2	9037.15	10232	4491.51	
54883.3	11102.7	7915.95	29375.1	
29660.4	23644.3	20549.4	26765.6	
20850.2	7857.71	18493.5	618.515	
5709.4	5752.17	13205	16276.2	
23578.8	37166.2	4878.13	45136	
40101	27395.3	10508.7	35766.7	
12639.4	24886.8	6628.38	20848.2	
17175.5	16363.1	59892.6	22712	
43346.8	27728.2	67541.5	34181.6	
27313.4	8367.31	45858.5	17861.2	
19444.3	4069.19	34891.7	12697.9	
19365.4	1380.29	28973.9	7962.69	
29666	18996.1	37949.8	20586.2	
37227	34681.3	42144.7	31885.3	
27788.4	27065.4	40783.4	20298.5	
32188.4	31131.4	45743.5	19100.7	
32319.6	31077.6	43924	19954.5	
27738.9	29050.6	29410.4	24998.2	
30828.9	31393.3	31886.1	26548.6	
35254.7	35098.2	35519.6	30222.3	
36829.2	36812.7	37170.2	33439	
39479.3	39284.6	39499.7	36367	
40964.3	40677.5	40937.2	37319.3	
40847.5	40630.3	40817	37668.5	
42594.8	42392.2	42747.6	39488.4	
45252.1	44995.6	45299.1	42414.2	
46019.5	46415.1	46692.8	43279.7	
13290.4	21180.1	21905.8	14331	
26022.6	27040.5	27372.7	21206.9	
26337.4	26135.7	26414.7	21501.3	
27659.9	28153.2	28303.8	23774.7	
18868.3	18942	18980.6	15114.3	
14363.5	15279	15452.6	11054	
18056	18882.6	19465	14961.3	
20880.3	20808.5	21725.8	15553	
24066.1	23245.3	24486.6	18989.3	
25172.3	24873.5	25189.6	21282.5	
21741.5	28488.7	29170.9	24325.5	
25396.1	28575.5	29146.5	24487.4	
27110.3	28826.2	29466	25516	
28622.4	29374.4	29817.8	26379.5	
28456	29559.4	29817.8	25802	
28912.4	29091.4	29817.8	25874.4	
27204.4	27524	28264.6	23840.3	
27704.2	26560.5	27857.2	21302	
26992.4	27047.9	27857.2	22699.7	
27866.3	27535.2	28329.3	21780.1	
86500	92901.2	93319.8	88791.4	
91818.3	92968.6	93319.8	89355.4	
93149.1	92862.3	93319.8	89224.8	
89315.9	90195.4	90803.7	85153.3	
90796.9	90304.9	90803.7	86819.5	
94785.3	94638.6	94869.3	91539.2	
89461.1	89243.4	89544.6	85615	
87861.6	87965.2	88176.8	84288.7	
90201.5	89935	90254.3	86767.2	
83800.3	88660	89534.3	83997.4	
3212.1	265.61	290.821	2652.77	
1409.1	1377.08	1461.2	1182.97	
940.712	860.516	923.798	1293.65	
9600.13	9307.88	9577.39	5652.19	
13274.2	13238.3	13403.3	10616.7	
31884.4	42502.1	74146.3	20484.3	
26156.5	27633.3	91064.2	10589.5	
32650	42106.3	98222	16422.5	
72400.9	79463.1	133571	49363.2	
42374.1	44499.9	60815.8	26351.9	
15958.2	19563.1	19908.1	15990.8	
19194.5	18454.2	19169	17072.2	
18692.2	18542.7	19007.7	16588.3	
18119.6	18600.1	19534.7	15744.4	
20587.3	19749.1	20855.5	16911.1	
19964.4	19675.7	20069.6	17576.8	
19656.3	19459.6	20263.9	17147.6	
19171.8	19155.8	21188.3	15914.1	
20567.4	19798.4	20872.2	17283.9	
20014.6	19667.7	20811.9	17904	
18512.1	20017.8	21353.4	17759.6	
17759.3	18662.6	20458	16470	
17537.3	18331.1	20010	16093.8	
20519	19247.4	21148.6	17603.1	
17672.2	17236.8	19195.1	15531.7	
15220.2	15763.4	19326.3	13624.6	
13590.7	13996	17468.7	12664.4	
12375.7	12849.6	16345.5	11604.6	
15091.9	11042.1	14538.9	12121.8	
17475.2	16741.5	14916	15508	
2881.99	16286.4	22583.1	7655.96	
7608.88	10021.5	15954.9	2807.33	
2213.12	12142.9	16682.5	5048.55	
16291.7	13629.2	17310.6	12041.5	
17681.6	15396.7	17759.9	13246.9	
17240	17095.9	17936.4	14614.2	
16130.9	17513.5	21686.1	13992.8	
18118.5	21402.7	25973.6	16299.2	
14771.8	18726.6	27148.8	10636.3	
13051.5	16448.3	27800.3	8562.51	
11219.5	7783.63	37366.1	5643.15	
5860.45	4851.85	33660.1	2143.89	
38655.1	7570.64	21120.7	27888.7	
21243.4	17251.2	20695.4	35331.7	
9597.3	6006.59	22022	10731.9	
12649	6417.1	26723.2	10992.7	
4713.86	34596	18108.2	30523.1	
51871.9	47879	21307.6	16817.3	
117382	66458.2	23954.5	141684	
77379.1	103645	34398.4	128943	
17639.2	22144.8	25804.8	18196.1	
25032	28649.8	40714.6	21076.1	
27584.7	23500	47131.5	18010.3	
43763.2	34380.5	66188.2	33256.3	
44867.8	31800.3	65986	37922.3	
67528.4	38784.3	71625.3	58559.6	
71090.6	54424.6	71905.3	66915.9	
68163.7	64228	70444.1	64986	
63272.5	59527.8	68165.3	57258.1	
66045.9	63456.4	65916.4	62281.9	
24304.8	33494.8	41593.2	35333.3	
10774.4	16263.3	25871.3	18102.1	
23256.5	18355.2	29196.6	21726	
27583.6	22279.3	33320.2	26386.7	
27804	24238	35677.5	28508.3	
32082.6	25376.5	37038.8	29872.2	
39708.9	31912.6	38888.8	36750.1	
33999.1	29885.2	38932.8	34474.8	
30244.9	29255.9	40778.7	32304.4	
29369.9	29886.3	43640.6	32082.5	
15544.2	16754.5	19292.7	15595.3	
15278.7	16247.2	18899.5	15301.3	
17864.6	17153.2	19054.7	16391.2	
16444.6	17491	21925.7	16912.5	
18448.7	16439.6	21794.6	17090.2	
16654.7	14417.2	19350.2	15742.2	
17532.9	16313.1	18595.6	16892.6	
17264.5	16679.8	18649.1	16656.1	
16599	15836	17624.1	15869.8	
17539	17764.1	19455.7	17276.7	
29106	40531.8	61876.2	37873.6	
61430.2	55583.3	96697.5	49897	
55672.7	50250.8	92446.9	47464.1	
61077.3	51717.6	92003	55721.7	
39453.2	42156.4	67811.8	42846.6	
42179.6	37918.1	55958.8	43564.5	
17738.1	10866.1	30710.6	20171.9	
14456.1	3917.58	37136.5	20209.8	
30420.3	8054.66	48404.2	31390.4	
59433.7	35656	72396	65343.4	
14697.6	24898.7	38515.1	25905.1	
6472.28	18933.7	35802.9	19483.4	
17207.7	16215.6	32774.2	19405.7	
27828.7	22473.4	31613.8	26879.3	
27725.8	25113.6	34933.3	25402.2	
24223.6	22709.5	33309.5	21138	
26340.2	24113	36493.4	22720.5	
26836.8	23024.8	35888.5	22474.3	
22583.2	18992.2	25873.2	18016.4	
13746.3	10436.9	13836.5	11108.9	
7847.83	7354.14	19546.5	8405.91	
6023.58	7366.65	18287.9	7798.78	
16876.7	8004.59	19278.6	13476.1	
7698.43	7659.18	17362.1	9288.9	
6296.36	5704.43	15219.2	7035.53	
11506.9	7113.48	15959.2	8909.56	
11773.1	10466.4	18237.6	11633.7	
7308.31	7090.47	14503.2	8495.81	
7665.76	7703.94	14040.9	6973.06	
19159.2	11060.8	15262.2	16704.1	
11894.7	15525.7	18956.8	15703.5	
4972.56	12171.7	14755.3	8299.59	
4628.47	11892.3	14448	7591.88	
9177.71	13688.2	16838.7	9185.07	
6515.9	9609.14	13131.5	4453.4	
11363.3	13272.8	16396	7302.07	
9087.06	10249	13130.9	4491.31	
9947.49	10403	12714.1	4487.42	
8507.82	8813.01	11171.1	3310.23	
8373.95	8547.21	10413	3337.32	
